-7,16;1,16;1#,16;2,16;2#,16;3,16;4,16;4#,16;5,16;5#,16;6,16;6#,16;7,16;+1,1;
1,8;1,8;5,8;5,8;6,8;6,8;5,4;4,8;4,8;3,8;3,8;2,8;2,8;1,4;
5,8;5,8;4,8;4,8;3,8;3,8;2,4;5,8;5,8;4,8;4,8;3,8;3,8;2,4;
1,8;1,8;5,8;5,8;6,8;6,8;5,4;4,8;4,8;3,8;3,8;2,8;2,8;1,4;
5,16;3,16;5,16;3,16;5,16;3,16;1,8;
2,16;4,16;3,16;2,16;5,8;
5,16;3,16;5,16;3,16;5,16;3,16;1,8;
2,16;4,16;3,16;2,16;1,8;
2,16;2,16;4,16;4,16;3,16;2,16;5,8;
2,16;4,16;3,16;2,16;5,8;
5,16;3,16;5,16;3,16;5,16;3,16;1,8;
2,16;4,16;3,16;2,16;1,8;

1,8;1,8;5,8;5,8;6,8;6,8;5,4;4,8;4,8;3,8;3,8;2,8;2,8;1,4;5,8;5,8;4,8;4,8;3,8;3,8;2,4;5,8;5,8;4,8;4,8;3,8;3,8;2,4;1,8;1,8;5,8;5,8;6,8;6,8;5,4;4,8;4,8;3,8;3,8;2,8;2,8;1,4;1,6;