1,150,1500,delay,150;
1,0,1500,single;
2,550,1500,delay,550;
2,0,1500,single;
3,957,1500,delay,957;
3,0,1500,single;
4,1365,1500,delay,1365;
4,0,1500,single;
1,1632,1500,delay,1782;
1,0,1500,single;
2,1596,1500,delay,2146;
2,0,1500,single;
3,1626,1500,delay,2583;
3,0,1500,single;
4,1600,1500,delay,2965;
4,0,1500,single;
1,1601,1500,delay,3383;
1,0,1500,single;
2,1637,1500,delay,3783;
2,0,1500,single;
3,1619,1500,delay,4202;
3,0,1500,single;
4,1637,1500,delay,4602;
4,0,1500,single;
1,1637,1500,delay,5020;
1,0,1500,long,328;

1,1601,1500,delay,6621;
1,0,1500,single;
2,3238,1500,delay,7021;
2,0,1500,single;
3,3220,1500,delay,7422;
3,0,1500,single;
4,3237,1500,delay,7840;
4,0,1500,single;
1,1637,1500,delay,8258;
1,0,1500,single;
2,1668,1500,delay,8659;
2,0,1500,single;
3,1655,1500,delay,9077;
3,0,1500,single;
4,1619,1500,delay,9459;
4,0,1500,single;
1,1620,1500,delay,9878;
1,0,1500,single;
2,1619,1500,delay,10278;
2,0,1500,single;
3,1619,1500,delay,10696;
3,0,1500,single;
4,1637,1500,delay,11096;
4,0,1500,single;
1,1600,1500,delay,11478;
1,0,1500,long,455;

1,1565,1500,delay,13043;
1,0,1500,long,800;
2,3838,1500,delay,14116;
2,0,1500,single;
3,4002,1500,delay,14696;
3,0,1500,long,500;
4,4330,1500,delay,15426;
4,0,1500,long,500;

1,3129,1500,delay,16172;
1,0,1500,long,800;
2,3129,1500,delay,17245;
2,0,1500,single;
3,3313,1500,delay,18009;
3,0,1500,long,500;
4,3329,1500,delay,18755;
4,0,1500,long,500;

1,3347,1500,delay,19519;
1,0,1500,long,800;
3,2802,1500,delay,20811;
3,0,1500,single;
3,382,1500,delay,21193;
3,0,1500,long,500;
1,2419,1500,delay,21938;
1,0,1500,long,500;
2,5621,1500,delay,22866;
2,0,1500,long,1200;
4,5639,1500,delay,24394;
4,0,1500,long,600;
1,3348,1500,delay,25286;
3,4093,1500,delay,25286;
1:3,0,1500,single;
1:3,1546,1500,delay,26832;
1:3,0,1500,single;
1:3,418,1500,delay,27250;
1:3,0,1500,single;
2,4748,1500,delay,27614;
4,3220,1500,delay,27614;
2:4,0,1500,long,500;
2:4,801,1500,delay,28415;
2:4,0,1500,long,700;
1:3,2056,1500,delay,29306;
1:3,0,1500,long,500;
2:4,2164,1500,delay,30579;
2:4,0,1500,single;
2:4,673,1500,delay,31252;
2:4,0,1500,long,1800;
1,3984,1500,delay,33290;
2,2039,1500,delay,33290;
1:2,0,1500,single;
3,4421,1500,delay,33727;
4,2475,1500,delay,33727;
3:4,0,1500;single;
1:2,946,1500,delay,34236;
1:2,0,1500,long,500;
2,764,1500,delay,35000;
3,1273,1500,delay,35000;
2:3,0,1500,long,500;
2,618,1500,delay,35618;
4,1891,1500,delay,35618;
2:4,0,1500,long,1500;
1,3091,1500,delay,37327;
3,2327,1500,delay,37327;
1:3,0,1500,long,500;

1,1540,1500,delay,38867;
1,0,1500,long,800;
2,4609,1500,delay,40227;
2,0,1500,single;
3,3353,1500,delay,40680;
3,0,1500,long,500;
4,5756,1500,delay,41374;
4,0,1500,long,500;
1,3429,1500,delay,42296;
1,0,1500,long,800;
2,3307,1500,delay,43534;
2,0,1500,single;
3,3126,1500,delay,43806;
3,0,1500,long,500;
4,3353,1500,delay,44727;
4,0,1500,long,500;

1,3277,1500,delay,45573;
1,0,1500,long,800;
3,2809,1500,delay,46615;
3,0,1500,single;
3,544,1500,delay,47159;
3,0,1500,long,500;
1,2311,1500,delay,47884;
1,0,1500,long,500;
2,5135,1500,delay,48669;
2,0,1500,long,1200;
4,5513,1500,delay,50240;
4,0,1500,long,600;

1,4863,1500,delay,52747;
3,5588,1500,delay,52747;
1:3,0,1500,long,600;
2,4969,1500,delay,53638;
4,3398,1500,delay,53638;
2:4,0,1500,single;
1:3,1631,1500,delay,54378;
1:3,0,1500,long,1200;
1:3,1783,1500,delay,56161;
1:3,0,1500,long,500;
2:4,3248,1500,delay,56886;
2:4,0,1500,long,500;
1:3,1450,1500,delay,57611;
1:3,0,1500,long,1200;
1,1812,1500,delay,59423;
1,0,1500,single;
2,3005,1500,delay,59891;
2,0,1500,single;
3,3111,1500,delay,60722;
3,0,1500,single;
2,1631,1500,delay,61522;
4,4636,1500,delay,61522;
2:4,0,1500,long,1000;
1,3595,1500,delay,63018;
3,2296,1500,delay,63018;
1:3,0,1500,long,600;
1,1147,1500,delay,64165;
1,0,1500,single;
2,2743,1500,delay,64265;
2,0,1500,single;
3,1347,1500,delay,64365;
3,0,1500,single;
4,2943,1500,delay,64465;
4,0,1500,single;

1,725,1500,delay,64890;
2,625,1500,delay,64890;
1:2,0,1500,single;
2,393,1500,delay,65283;
3,918,1500,delay,65283;
2:3,0,1500,single;
3,408,1500,delay,65691;
4,1226,1500,delay,65691;
3:4,0,1500,single;
4,393,1500,delay,66084;
1,1194,1500,delay,66084;
1:4,0,1500,single;
2,1314,1500,delay,66597;
4,513,1500,delay,66597;
2:4,0,1500,single;
1,966,1500,delay,67050;
3,1359,1500,delay,67050;
1:3,0,1500,single;
2:4,831,1500,delay,67428;
2:4,0,1500,single;

2,800,1500,delay,68228;
3,1178,1500,delay,68228;
2:3,0,1500,single;
3,438,1500,delay,68666;
4,1238,1500,delay,68666;
3:4,0,1500,single;
4,287,1500,delay,68953;
1,1903,1500,delay,68953;
1:4,0,1500,single;
1,363,1500,delay,69316;
2,1088,1500,delay,69316;
1:2,0,1500,single;
1,407,1500,delay,69723;
3,1057,1500,delay,69723;
1:3,0,1500,single;
2,800,1500,delay,70116;
4,1163,1500,delay,70116;
2:4,0,1500,single;
1:3,952,1500,delay,70675;
1:3,0,1500,single;

3,831,1500,delay,71506;
4,1390,1500,delay,71506;
3:4,0,1500,single;
4,332,1500,delay,71838;
1,1163,1500,delay,71838;
1:4,0,1500,single;
1,317,1500,delay,72155;
2,2093,1500,delay,72155;
1:2,0,1500,single;
2,453,1500,delay,72608;
3,1102,1500,delay,72608;
2:3,0,1500,single;
2,302,1500,delay,72910;
4,1072,1500,delay,72910;
2:4,0,1500,single;
1,1193,1500,delay,73348;
3,740,1500,delay,73348;
1:3,0,1500,single;
2:4,997,1500,delay,73907;
2:4,0,1500,single;

4,740,1500,delay,74647;
1,1299,1500,delay,74647;
1:4,0,1500,single;
1,287,1500,delay,74934;
2,1027,1500,delay,74934;
1:2,0,1500,single;
2,453,1500,delay,75387;
3,2039,1500,delay,75387;
2:3,0,1500,single;
3,468,1500,delay,75855;
4,1208,1500,delay,75855;
3:4,0,1500,single;
1,1661,1500,delay,76308;
3,453,1500,delay,76308;
1:3,0,1500,single;
2,1254,1500,delay,76641;
4,786,1500,delay,76641;
2:4,0,1500,single;
1:3,786,1500,delay,77094;
1:3,0,1500,long,500;
2:4,1631,1500,delay,78272;
2:4,0,1500,long,5000;

1,7370,1500,delay,84464;
1,0,1500,single;
2,6570,1500,delay,84842;
2,0,1500,single;
3,8171,1500,delay,85265;
3,0,1500,single;
4,7385,1500,delay,85657;
4,0,1500,single;
1,1631,1500,delay,86095;
1,0,1500,single;
2,1631,1500,delay,86473;
2,0,1500,single;
3,1631,1500,delay,86896;
3,0,1500,single;
4,1647,1500,delay,87304;
4,0,1500,single;
1,1601,1500,delay,87696;
1,0,1500,single;
2,1631,1500,delay,88104;
2,0,1500,single;
3,1631,1500,delay,88527;
3,0,1500,single;
4,1616,1500,delay,88920;
4,0,1500,single;
1,1632,1500,delay,89328;
1,0,1500,long,500;

1,1616,1500,delay,90944;
1,0,1500,single;
2,3245,1500,delay,91349;
2,0,1500,single;
3,3230,1500,delay,91757;
3,0,1500,single;
4,3230,1500,delay,92150;
4,0,1500,single;
1,1613,1500,delay,92557;
1,0,1500,single;
2,1616,1500,delay,92965;
2,0,1500,single;
3,1616,1500,delay,93373;
3,0,1500,single;
4,1631,1500,delay,93781;
4,0,1500,single;
1,1617,1500,delay,94174;
1,0,1500,single;
2,1616,1500,delay,94581;
2,0,1500,single;
3,1631,1500,delay,95004;
3,0,1500,single;
4,1631,1500,delay,95412;
4,0,1500,single;
1,1631,1500,delay,95805;
1,0,1500,long,500;